																																																																																																																									
			APRIL									MAY									JUNE									JULY									AUGUST									SEPTEMBER									OCTOBER									NOVEMBER									DECEMBER									JANUARY									FEBRUARY									MARCH									GTOTAL										
			DEL	MUM	PUN	GGN	GOA	CDG	RAJ	KOL	TOT	DEL	MUM	PUN	GGN	GOA	CDG	RAJ	KOL	TOT	DEL	MUM	PUN	GGN	GOA	CDG	RAJ	KOL	TOT	DEL	MUM	PUN	GGN	GOA	CDG	RAJ	KOL	TOT	DEL	MUM	PUN	GGN	GOA	CDG	RAJ	KOL	TOT	DEL	MUM	PUN	GGN	GOA	CDG	RAJ	KOL	TOT	DEL	MUM	PUN	GGN	GOA	CDG	RAJ	KOL	TOT	DEL	MUM	PUN	GGN	GOA	CDG	RAJ	KOL	TOT	DEL	MUM	PUN	GGN	GOA	CDG	RAJ	KOL	TOT	DEL	MUM	PUN	GGN	GOA	CDG	RAJ	KOL	TOT	DEL	MUM	PUN	GGN	GOA	CDG	RAJ	KOL	TOT	DEL	MUM	PUN	GGN	GOA	CDG	RAJ	KOL	TOT	DEL	MUM	PUN	GGN	GOA	CDG	RAJ	KOL	GTOT		HL
VOLUME	DUVEL										0	150	35	20	15	20	10		30	280	125	25	15	10		5		15	195	125	15	10	10		10		30	200	125	15	10	10		5	5	15	185	125	20	20	10	50	10	3	30	268	50	20	20	10	10	5	5	15	135	100	40	20	5	10		3	30	208	100	40	20	5	10		5	15	195	50	15	10	2				15	92	50	15	10	2	10		3	15	105	150	40	20	5	50			15	280	1150	280	175	84	160	45	24	225	2143		169.7256
	LIEFMANS										0	100	20	15	15					150	100	15	10	5					130	100	10	5	5					120	100	10	5	5			5		125	100	20	15	5			3		143	50	20	15	5			5		95	75	20	15	5			3		118	75	20	15	5			5		120	50	5	5	2					62	75	5	5	2			3		90	100	20	15	5					140	925	165	120	59	0	0	24	0	1293		102.4056
	CHIMAY										0	75	25	20	15		10			145	75	10	10	10		5			110	75	10	10	10		10			115	75	10	10	10		5	5		115	75	25	20	10		10	3		143	40	25	20	10	10	5	5		115	50	25	20	5	10		3		113	50	25	20	5	10		5		115	40	10	10	2					62	40	10	10	2	10		3		75	75	25	20	5					125	670	200	170	84	40	45	24	0	1233		97.6536
	WEIHENSTEPHANER										0	75	40	25	20	20				180	75	25	15	10					125	75	15	10	10					110	75	15	10	10			5		115	150	40	25	25	50		3		293	150	40	25	15			5		235	50	30	15	5			3		103	50	30	15	5			5		105	50	10	10	3					73	50	10	10	3			3		76	100	30	15	5	50				200	900	285	175	111	120	0	24	0	1615		127.908
	FRUEH										0	75	40	25	20		10			170	75	25	15	10		5			130	75	15	10	10		10			120	75	15	10	10		5	5		120	150	40	25	25		10	3		253	150	40	25	15	10	5	5		250	50	30	15	5	10		3		113	50	30	15	5	10		5		115	50	10	10	2					72	50	10	10	2	10		3		85	100	30	15	5					150	900	285	175	109	40	45	24	0	1578		124.9776
	ESTRELLA DAMM										0	100	75	50	40	40	20		40	365	150	75	40	50		10		20	345	100	40	25	35	50	20		40	310	100	30	25	35		10	15	20	235	100	75	50	30	50	20	10	40	375	75	75	50	25	20	10	15	20	290	100	75	45	15	20		10	40	305	100	75	45	15	20		15	20	290	75	30	25	10				20	160	75	30	25	10	20		10	20	190	150	75	45	15	50			20	355	1125	655	425	280	270	90	75	300	3220		255.024
	BROOKLYN LAGER										0	75	20	15	10	20				140	75	15	15	5					110	150	15	15	10					190	150	15	15	10			5		195	75	15	15	5			2		112	50	15	15	10			5		95	50	15	15	5			2		87	50	15	15	5			5		90	50	10	5	2					67	50	10	5	2			2		69	100	15	15	5					135	875	160	145	69	20	0	21	0	1290		102.168
	BROOKLYN IPA										0	50	20	10	5				30	115	50	15	5					15	85	75	15	15	10				30	145	75	15	15	10			5	15	135	50	15	5	5			3	30	108	35	15	5	10			5	15	85	35	15	5	5			3	30	93	35	15	5	5			5	15	80	35	10	5	2				15	67	35	10	5	2			3	15	70	75	15	5	5				15	115	550	160	80	59	0	0	24	225	1098		86.9616
	SAISON DUPONT										0									0									0									0									0									0									0									0									0									0									0									0	0	0	0	0	0	0	0	0	0		0
	TOTALS		0	0	0	0	0	0	0	0	0	700	275	180	140	100	50	0	100	1545	725	205	125	100	0	25	0	50	1230	775	135	100	100	50	50	0	100	1310	775	125	100	100	0	25	50	50	1225	825	250	175	115	150	50	30	100	1695	600	250	175	100	50	25	50	50	1300	510	250	150	50	50	0	30	100	1140	510	250	150	50	50	0	50	50	1110	400	100	80	25	0	0	0	50	655	425	100	80	25	50	0	30	50	760	850	250	150	50	150	0	0	50	1500	7095	2190	1465	855	650	225	240	750	13470		1066.824
																																																																																																																									
REVENUE	DUVEL		0.00	0.00	0.00	0.00	0.00	0.00	0.00	0.00	0.00	4.03	0.88	0.50	0.43	0.57	0.29	0.00	0.81	7.50	3.36	0.63	0.38	0.29	0.00	0.14	0.00	0.40	5.19	3.36	0.38	0.25	0.29	0.00	0.29	0.00	0.81	5.36	3.36	0.38	0.25	0.29	0.00	0.14	0.14	0.40	4.96	3.36	0.50	0.50	0.29	1.44	0.29	0.09	0.81	7.26	1.34	0.50	0.50	0.29	0.29	0.14	0.14	0.40	3.61	2.68	1.00	0.50	0.14	0.29	0.00	0.09	0.81	5.51	2.68	1.00	0.50	0.14	0.29	0.00	0.14	0.40	5.16	1.34	0.38	0.25	0.06	0.00	0.00	0.00	0.40	2.43	1.34	0.38	0.25	0.06	0.29	0.00	0.09	0.40	2.80	4.03	1.00	0.50	0.14	1.44	0.00	0.00	0.40	7.51	30.87	7.01	4.38	2.41	4.60	1.29	0.69	6.04	57.29		
	LIEFMANS		0.00	0.00	0.00	0.00	0.00	0.00	0.00	0.00	0.00	2.10	0.61	0.29	0.34	0.00	0.00	0.00	0.00	3.33	2.10	0.46	0.19	0.11	0.00	0.00	0.00	0.00	2.86	2.10	0.31	0.10	0.11	0.00	0.00	0.00	0.00	2.61	2.10	0.31	0.10	0.11	0.00	0.00	0.11	0.00	2.72	2.10	0.61	0.29	0.11	0.00	0.00	0.07	0.00	3.18	1.05	0.61	0.29	0.11	0.00	0.00	0.11	0.00	2.17	1.57	0.61	0.29	0.11	0.00	0.00	0.07	0.00	2.65	1.57	0.61	0.29	0.11	0.00	0.00	0.11	0.00	2.70	1.05	0.15	0.10	0.04	0.00	0.00	0.00	0.00	1.34	1.57	0.15	0.10	0.04	0.00	0.00	0.07	0.00	1.93	2.10	0.61	0.29	0.11	0.00	0.00	0.00	0.00	3.11	19.39	5.07	2.30	1.32	0.00	0.00	0.54	0.00	28.62		
	CHIMAY		0.00	0.00	0.00	0.00	0.00	0.00	0.00	0.00	0.00	2.44	0.37	0.61	0.52	0.00	0.35	0.00	0.00	4.30	2.44	0.15	0.31	0.35	0.00	0.17	0.00	0.00	3.42	2.44	0.15	0.31	0.35	0.00	0.35	0.00	0.00	3.59	2.44	0.15	0.31	0.35	0.00	0.17	0.17	0.00	3.59	2.44	0.37	0.61	0.35	0.00	0.35	0.10	0.00	4.23	1.30	0.37	0.61	0.35	0.35	0.17	0.17	0.00	3.33	1.63	0.37	0.61	0.17	0.35	0.00	0.10	0.00	3.24	1.63	0.37	0.61	0.17	0.35	0.00	0.17	0.00	3.31	1.30	0.15	0.31	0.07	0.00	0.00	0.00	0.00	1.83	1.30	0.15	0.31	0.07	0.35	0.00	0.10	0.00	2.28	2.44	0.37	0.61	0.17	0.00	0.00	0.00	0.00	3.60	21.79	2.98	5.22	2.92	1.39	1.57	0.83	0.00	36.70		
	WEIHENSTEPHANER		0.00	0.00	0.00	0.00	0.00	0.00	0.00	0.00	0.00	1.25	0.60	0.37	0.36	0.36	0.00	0.00	0.00	2.94	1.25	0.37	0.22	0.18	0.00	0.00	0.00	0.00	2.03	1.25	0.22	0.15	0.18	0.00	0.00	0.00	0.00	1.81	1.25	0.22	0.15	0.18	0.00	0.00	0.09	0.00	1.89	2.51	0.60	0.37	0.45	0.89	0.00	0.05	0.00	4.87	2.51	0.60	0.37	0.27	0.00	0.00	0.09	0.00	3.83	0.84	0.45	0.22	0.09	0.00	0.00	0.05	0.00	1.65	0.84	0.45	0.22	0.09	0.00	0.00	0.09	0.00	1.69	0.84	0.15	0.15	0.05	0.00	0.00	0.00	0.00	1.19	0.84	0.15	0.15	0.05	0.00	0.00	0.05	0.00	1.24	1.67	0.45	0.22	0.09	0.89	0.00	0.00	0.00	3.33	15.04	4.25	2.61	1.99	2.15	0.00	0.43	0.00	26.46		
	FRUEH		0.00	0.00	0.00	0.00	0.00	0.00	0.00	0.00	0.00	1.21	0.57	0.36	0.35	0.00	0.17	0.00	0.00	2.66	1.21	0.36	0.22	0.17	0.00	0.09	0.00	0.00	2.05	1.21	0.22	0.14	0.17	0.00	0.17	0.00	0.00	1.92	1.21	0.22	0.14	0.17	0.00	0.09	0.09	0.00	1.92	2.42	0.57	0.36	0.43	0.00	0.17	0.05	0.00	4.01	2.42	0.57	0.36	0.26	0.17	0.09	0.09	0.00	3.96	0.81	0.43	0.22	0.09	0.17	0.00	0.05	0.00	1.77	0.81	0.43	0.22	0.09	0.17	0.00	0.09	0.00	1.80	0.81	0.14	0.14	0.03	0.00	0.00	0.00	0.00	1.13	0.81	0.14	0.14	0.03	0.17	0.00	0.05	0.00	1.35	1.62	0.43	0.22	0.09	0.00	0.00	0.00	0.00	2.35	14.54	4.09	2.51	1.88	0.69	0.78	0.41	0.00	24.92		
	ESTRELLA DAMM		0.00	0.00	0.00	0.00	0.00	0.00	0.00	0.00	0.00	1.35	0.83	0.55	0.58	0.58	0.29	0.00	0.54	4.71	2.02	0.83	0.44	0.72	0.00	0.14	0.00	0.27	4.43	1.35	0.44	0.28	0.50	0.72	0.29	0.00	0.54	4.12	1.35	0.33	0.28	0.50	0.00	0.14	0.22	0.27	3.09	1.35	0.83	0.55	0.43	0.72	0.29	0.14	0.54	4.85	1.01	0.83	0.55	0.36	0.29	0.14	0.22	0.27	3.67	1.35	0.83	0.50	0.22	0.29	0.00	0.14	0.54	3.86	1.35	0.83	0.50	0.22	0.29	0.00	0.22	0.27	3.66	1.01	0.33	0.28	0.14	0.00	0.00	0.00	0.27	2.03	1.01	0.33	0.28	0.14	0.29	0.00	0.14	0.27	2.46	2.02	0.83	0.50	0.22	0.72	0.00	0.00	0.27	4.55	15.15	7.25	4.70	4.03	3.89	1.30	1.08	4.04	41.44		
	BROOKLYN LAGER		0.00	0.00	0.00	0.00	0.00	0.00	0.00	0.00	0.00	1.31	0.33	0.24	0.19	0.37	0.00	0.00	0.00	2.44	1.31	0.24	0.24	0.09	0.00	0.00	0.00	0.00	1.89	2.62	0.24	0.24	0.19	0.00	0.00	0.00	0.00	3.30	2.62	0.24	0.24	0.19	0.00	0.00	0.09	0.00	3.39	1.31	0.24	0.24	0.09	0.00	0.00	0.04	0.00	1.93	0.87	0.24	0.24	0.19	0.00	0.00	0.09	0.00	1.64	0.87	0.24	0.24	0.09	0.00	0.00	0.04	0.00	1.49	0.87	0.24	0.24	0.09	0.00	0.00	0.09	0.00	1.55	0.87	0.16	0.08	0.04	0.00	0.00	0.00	0.00	1.16	0.87	0.16	0.08	0.04	0.00	0.00	0.04	0.00	1.19	1.75	0.24	0.24	0.09	0.00	0.00	0.00	0.00	2.33	15.29	2.60	2.36	1.29	0.37	0.00	0.39	0.00	22.31		
	BROOKLYN IPA		0.00	0.00	0.00	0.00	0.00	0.00	0.00	0.00	0.00	0.87	0.33	0.16	0.09	0.00	0.00	0.00	0.52	1.98	0.87	0.24	0.08	0.00	0.00	0.00	0.00	0.26	1.46	1.31	0.24	0.24	0.19	0.00	0.00	0.00	0.52	2.51	1.31	0.24	0.24	0.19	0.00	0.00	0.09	0.26	2.34	0.87	0.24	0.08	0.09	0.00	0.00	0.06	0.52	1.87	0.61	0.24	0.08	0.19	0.00	0.00	0.09	0.26	1.48	0.61	0.24	0.08	0.09	0.00	0.00	0.06	0.52	1.61	0.61	0.24	0.08	0.09	0.00	0.00	0.09	0.26	1.39	0.61	0.16	0.08	0.04	0.00	0.00	0.00	0.26	1.16	0.61	0.16	0.08	0.04	0.00	0.00	0.06	0.26	1.21	1.31	0.24	0.08	0.09	0.00	0.00	0.00	0.26	1.99	9.61	2.60	1.30	1.10	0.00	0.00	0.45	3.93	19.00		
	SAISON DUPONT		0.00	0.00	0.00	0.00	0.00	0.00	0.00	0.00	0.00	0.00	0.00	0.00	0.00	0.00	0.00	0.00	0.00	0.00	0.00	0.00	0.00	0.00	0.00	0.00	0.00	0.00	0.00	0.00	0.00	0.00	0.00	0.00	0.00	0.00	0.00	0.00	0.00	0.00	0.00	0.00	0.00	0.00	0.00	0.00	0.00	0.00	0.00	0.00	0.00	0.00	0.00	0.00	0.00	0.00	0.00	0.00	0.00	0.00	0.00	0.00	0.00	0.00	0.00	0.00	0.00	0.00	0.00	0.00	0.00	0.00	0.00	0.00	0.00	0.00	0.00	0.00	0.00	0.00	0.00	0.00	0.00	0.00	0.00	0.00	0.00	0.00	0.00	0.00	0.00	0.00	0.00	0.00	0.00	0.00	0.00	0.00	0.00	0.00	0.00	0.00	0.00	0.00	0.00	0.00	0.00	0.00	0.00	0.00	0.00	0.00	0.00	0.00	0.00	0.00	0.00	0.00	0.00		
	TOTALS		0.00	0.00	0.00	0.00	0.00	0.00	0.00	0.00	0.00	14.56	4.52	3.09	2.85	1.88	1.10	0.00	1.87	29.86	14.56	3.29	2.08	1.91	0.00	0.55	0.00	0.93	23.32	15.63	2.20	1.71	1.98	0.72	1.10	0.00	1.87	25.21	15.63	2.09	1.71	1.98	0.00	0.55	1.01	0.93	23.90	16.35	3.98	3.01	2.25	3.05	1.10	0.60	1.87	32.20	11.12	3.98	3.01	2.01	1.10	0.55	1.01	0.93	23.70	10.36	4.18	2.66	1.01	1.10	0.00	0.60	1.87	21.78	10.36	4.18	2.66	1.01	1.10	0.00	1.01	0.93	21.25	7.83	1.63	1.39	0.48	0.00	0.00	0.00	0.93	12.26	8.35	1.63	1.39	0.48	1.10	0.00	0.60	0.93	14.48	16.93	4.18	2.66	1.01	3.05	0.00	0.00	0.93	28.77	141.67	35.86	25.39	16.95	13.09	4.93	4.83	14.01	256.74		
																																																																																																																									
REALISATION PER CAS	DUVEL		0.0268	0.0250	0.0250	0.0287	0.0287	0.0287	0.0287	0.0268		0.0268	0.0250	0.0250	0.0287	0.0287	0.0287	0.0287	0.0268		0.0268	0.0250	0.0250	0.0287	0.0287	0.0287	0.0287	0.0268		0.0268	0.0250	0.0250	0.0287	0.0287	0.0287	0.0287	0.0268		0.0268	0.0250	0.0250	0.0287	0.0287	0.0287	0.0287	0.0268		0.0268	0.0250	0.0250	0.0287	0.0287	0.0287	0.0287	0.0268		0.0268	0.0250	0.0250	0.0287	0.0287	0.0287	0.0287	0.0268		0.0268	0.0250	0.0250	0.0287	0.0287	0.0287	0.0287	0.0268		0.0268	0.0250	0.0250	0.0287	0.0287	0.0287	0.0287	0.0268		0.0268	0.0250	0.0250	0.0287	0.0287	0.0287	0.0287	0.0268		0.0268	0.0250	0.0250	0.0287	0.0287	0.0287	0.0287	0.0268		0.0268	0.0250	0.0250	0.0287	0.0287	0.0287	0.0287	0.0268												
	LIEFMANS		0.0210	0.0307	0.0192	0.0224	0.0224	0.0224	0.0224	0.0210		0.0210	0.0307	0.0192	0.0224	0.0224	0.0224	0.0224	0.0210		0.0210	0.0307	0.0192	0.0224	0.0224	0.0224	0.0224	0.0210		0.0210	0.0307	0.0192	0.0224	0.0224	0.0224	0.0224	0.0210		0.0210	0.0307	0.0192	0.0224	0.0224	0.0224	0.0224	0.0210		0.0210	0.0307	0.0192	0.0224	0.0224	0.0224	0.0224	0.0210		0.0210	0.0307	0.0192	0.0224	0.0224	0.0224	0.0224	0.0210		0.0210	0.0307	0.0192	0.0224	0.0224	0.0224	0.0224	0.0210		0.0210	0.0307	0.0192	0.0224	0.0224	0.0224	0.0224	0.0210		0.0210	0.0307	0.0192	0.0224	0.0224	0.0224	0.0224	0.0210		0.0210	0.0307	0.0192	0.0224	0.0224	0.0224	0.0224	0.0210		0.0210	0.0307	0.0192	0.0224	0.0224	0.0224	0.0224	0.0210												
	CHIMAY		0.0325	0.0149	0.0307	0.0348	0.0348	0.0348	0.0348	0.0325		0.0325	0.0149	0.0307	0.0348	0.0348	0.0348	0.0348	0.0325		0.0325	0.0149	0.0307	0.0348	0.0348	0.0348	0.0348	0.0325		0.0325	0.0149	0.0307	0.0348	0.0348	0.0348	0.0348	0.0325		0.0325	0.0149	0.0307	0.0348	0.0348	0.0348	0.0348	0.0325		0.0325	0.0149	0.0307	0.0348	0.0348	0.0348	0.0348	0.0325		0.0325	0.0149	0.0307	0.0348	0.0348	0.0348	0.0348	0.0325		0.0325	0.0149	0.0307	0.0348	0.0348	0.0348	0.0348	0.0325		0.0325	0.0149	0.0307	0.0348	0.0348	0.0348	0.0348	0.0325		0.0325	0.0149	0.0307	0.0348	0.0348	0.0348	0.0348	0.0325		0.0325	0.0149	0.0307	0.0348	0.0348	0.0348	0.0348	0.0325		0.0325	0.0149	0.0307	0.0348	0.0348	0.0348	0.0348	0.0325												
	WEIHENSTEPHANER		0.0167	0.0149	0.0149	0.0179	0.0179	0.0179	0.0179	0.0167		0.0167	0.0149	0.0149	0.0179	0.0179	0.0179	0.0179	0.0167		0.0167	0.0149	0.0149	0.0179	0.0179	0.0179	0.0179	0.0167		0.0167	0.0149	0.0149	0.0179	0.0179	0.0179	0.0179	0.0167		0.0167	0.0149	0.0149	0.0179	0.0179	0.0179	0.0179	0.0167		0.0167	0.0149	0.0149	0.0179	0.0179	0.0179	0.0179	0.0167		0.0167	0.0149	0.0149	0.0179	0.0179	0.0179	0.0179	0.0167		0.0167	0.0149	0.0149	0.0179	0.0179	0.0179	0.0179	0.0167		0.0167	0.0149	0.0149	0.0179	0.0179	0.0179	0.0179	0.0167		0.0167	0.0149	0.0149	0.0179	0.0179	0.0179	0.0179	0.0167		0.0167	0.0149	0.0149	0.0179	0.0179	0.0179	0.0179	0.0167		0.0167	0.0149	0.0149	0.0179	0.0179	0.0179	0.0179	0.0167												
	FRUEH		0.0162	0.0144	0.0144	0.0173	0.0173	0.0173	0.0173	0.0162		0.0162	0.0144	0.0144	0.0173	0.0173	0.0173	0.0173	0.0162		0.0162	0.0144	0.0144	0.0173	0.0173	0.0173	0.0173	0.0162		0.0162	0.0144	0.0144	0.0173	0.0173	0.0173	0.0173	0.0162		0.0162	0.0144	0.0144	0.0173	0.0173	0.0173	0.0173	0.0162		0.0162	0.0144	0.0144	0.0173	0.0173	0.0173	0.0173	0.0162		0.0162	0.0144	0.0144	0.0173	0.0173	0.0173	0.0173	0.0162		0.0162	0.0144	0.0144	0.0173	0.0173	0.0173	0.0173	0.0162		0.0162	0.0144	0.0144	0.0173	0.0173	0.0173	0.0173	0.0162		0.0162	0.0144	0.0144	0.0173	0.0173	0.0173	0.0173	0.0162		0.0162	0.0144	0.0144	0.0173	0.0173	0.0173	0.0173	0.0162		0.0162	0.0144	0.0144	0.0173	0.0173	0.0173	0.0173	0.0162												
	ESTRELLA DAMM		0.0135	0.0111	0.0111	0.0144	0.0144	0.0144	0.0144	0.0135		0.0135	0.0111	0.0111	0.0144	0.0144	0.0144	0.0144	0.0135		0.0135	0.0111	0.0111	0.0144	0.0144	0.0144	0.0144	0.0135		0.0135	0.0111	0.0111	0.0144	0.0144	0.0144	0.0144	0.0135		0.0135	0.0111	0.0111	0.0144	0.0144	0.0144	0.0144	0.0135		0.0135	0.0111	0.0111	0.0144	0.0144	0.0144	0.0144	0.0135		0.0135	0.0111	0.0111	0.0144	0.0144	0.0144	0.0144	0.0135		0.0135	0.0111	0.0111	0.0144	0.0144	0.0144	0.0144	0.0135		0.0135	0.0111	0.0111	0.0144	0.0144	0.0144	0.0144	0.0135		0.0135	0.0111	0.0111	0.0144	0.0144	0.0144	0.0144	0.0135		0.0135	0.0111	0.0111	0.0144	0.0144	0.0144	0.0144	0.0135		0.0135	0.0111	0.0111	0.0144	0.0144	0.0144	0.0144	0.0135												
	BROOKLYN LAGER		0.0175	0.0163	0.0163	0.0187	0.0187	0.0187	0.0187	0.0175		0.0175	0.0163	0.0163	0.0187	0.0187	0.0187	0.0187	0.0175		0.0175	0.0163	0.0163	0.0187	0.0187	0.0187	0.0187	0.0175		0.0175	0.0163	0.0163	0.0187	0.0187	0.0187	0.0187	0.0175		0.0175	0.0163	0.0163	0.0187	0.0187	0.0187	0.0187	0.0175		0.0175	0.0163	0.0163	0.0187	0.0187	0.0187	0.0187	0.0175		0.0175	0.0163	0.0163	0.0187	0.0187	0.0187	0.0187	0.0175		0.0175	0.0163	0.0163	0.0187	0.0187	0.0187	0.0187	0.0175		0.0175	0.0163	0.0163	0.0187	0.0187	0.0187	0.0187	0.0175		0.0175	0.0163	0.0163	0.0187	0.0187	0.0187	0.0187	0.0175		0.0175	0.0163	0.0163	0.0187	0.0187	0.0187	0.0187	0.0175		0.0175	0.0163	0.0163	0.0187	0.0187	0.0187	0.0187	0.0175												
	BROOKLYN IPA		0.0175	0.0163	0.0163	0.0187	0.0187	0.0187	0.0187	0.0175		0.0175	0.0163	0.0163	0.0187	0.0187	0.0187	0.0187	0.0175		0.0175	0.0163	0.0163	0.0187	0.0187	0.0187	0.0187	0.0175		0.0175	0.0163	0.0163	0.0187	0.0187	0.0187	0.0187	0.0175		0.0175	0.0163	0.0163	0.0187	0.0187	0.0187	0.0187	0.0175		0.0175	0.0163	0.0163	0.0187	0.0187	0.0187	0.0187	0.0175		0.0175	0.0163	0.0163	0.0187	0.0187	0.0187	0.0187	0.0175		0.0175	0.0163	0.0163	0.0187	0.0187	0.0187	0.0187	0.0175		0.0175	0.0163	0.0163	0.0187	0.0187	0.0187	0.0187	0.0175		0.0175	0.0163	0.0163	0.0187	0.0187	0.0187	0.0187	0.0175		0.0175	0.0163	0.0163	0.0187	0.0187	0.0187	0.0187	0.0175		0.0175	0.0163	0.0163	0.0187	0.0187	0.0187	0.0187	0.0175												
	SAISON DUPONT		0.0000	0.0000	0.0000	0.0000	0.0000	0.0000	0.0000	0.0000		0.0000	0.0000	0.0000	0.0000	0.0000	0.0000	0.0000	0.0000		0.0000	0.0000	0.0000	0.0000	0.0000	0.0000	0.0000	0.0000		0.0000	0.0000	0.0000	0.0000	0.0000	0.0000	0.0000	0.0000		0.0000	0.0000	0.0000	0.0000	0.0000	0.0000	0.0000	0.0000		0.0000	0.0000	0.0000	0.0000	0.0000	0.0000	0.0000	0.0000		0.0000	0.0000	0.0000	0.0000	0.0000	0.0000	0.0000	0.0000		0.0000	0.0000	0.0000	0.0000	0.0000	0.0000	0.0000	0.0000		0.0000	0.0000	0.0000	0.0000	0.0000	0.0000	0.0000	0.0000		0.0000	0.0000	0.0000	0.0000	0.0000	0.0000	0.0000	0.0000		0.0000	0.0000	0.0000	0.0000	0.0000	0.0000	0.0000	0.0000		0.0000	0.0000	0.0000	0.0000	0.0000	0.0000	0.0000	0.0000												
																																																																																																																									
REALISATION PER BTL	DUVEL		111.84	104.34	104.34	119.6688	119.6688	119.6688	119.6688	111.84		111.84	104.34	104.34	119.6688	119.6688	119.6688	119.6688	111.84		111.84	104.34	104.34	119.6688	119.6688	119.6688	119.6688	111.84		111.84	104.34	104.34	119.6688	119.6688	119.6688	119.6688	111.84		111.84	104.34	104.34	119.6688	119.6688	119.6688	119.6688	111.84		111.84	104.34	104.34	119.6688	119.6688	119.6688	119.6688	111.84		111.84	104.34	104.34	119.6688	119.6688	119.6688	119.6688	111.84		111.84	104.34	104.34	119.6688	119.6688	119.6688	119.6688	111.84		111.84	104.34	104.34	119.6688	119.6688	119.6688	119.6688	111.84		111.84	104.34	104.34	119.6688	119.6688	119.6688	119.6688	111.84		111.84	104.34	104.34	119.6688	119.6688	119.6688	119.6688	111.84		111.84	104.34	104.34	119.6688	119.6688	119.6688	119.6688	111.84												
	LIEFMANS		87.34	79.84	79.84	93.4538	93.4538	93.4538	93.4538	87.34		87.34	79.84	79.84	93.4538	93.4538	93.4538	93.4538	87.34		87.34	79.84	79.84	93.4538	93.4538	93.4538	93.4538	87.34		87.34	79.84	79.84	93.4538	93.4538	93.4538	93.4538	87.34		87.34	79.84	79.84	93.4538	93.4538	93.4538	93.4538	87.34		87.34	79.84	79.84	93.4538	93.4538	93.4538	93.4538	87.34		87.34	79.84	79.84	93.4538	93.4538	93.4538	93.4538	87.34		87.34	79.84	79.84	93.4538	93.4538	93.4538	93.4538	87.34		87.34	79.84	79.84	93.4538	93.4538	93.4538	93.4538	87.34		87.34	79.84	79.84	93.4538	93.4538	93.4538	93.4538	87.34		87.34	79.84	79.84	93.4538	93.4538	93.4538	93.4538	87.34		87.34	79.84	79.84	93.4538	93.4538	93.4538	93.4538	87.34												
	CHIMAY		135.48	127.98	127.98	144.9636	144.9636	144.9636	144.9636	135.48		135.48	127.98	127.98	144.9636	144.9636	144.9636	144.9636	135.48		135.48	127.98	127.98	144.9636	144.9636	144.9636	144.9636	135.48		135.48	127.98	127.98	144.9636	144.9636	144.9636	144.9636	135.48		135.48	127.98	127.98	144.9636	144.9636	144.9636	144.9636	135.48		135.48	127.98	127.98	144.9636	144.9636	144.9636	144.9636	135.48		135.48	127.98	127.98	144.9636	144.9636	144.9636	144.9636	135.48		135.48	127.98	127.98	144.9636	144.9636	144.9636	144.9636	135.48		135.48	127.98	127.98	144.9636	144.9636	144.9636	144.9636	135.48		135.48	127.98	127.98	144.9636	144.9636	144.9636	144.9636	135.48		135.48	127.98	127.98	144.9636	144.9636	144.9636	144.9636	135.48		135.48	127.98	127.98	144.9636	144.9636	144.9636	144.9636	135.48												
	WEIHENSTEPHANER		69.64	62.14	62.14	74.5148	74.5148	74.5148	74.5148	69.64		69.64	62.14	62.14	74.5148	74.5148	74.5148	74.5148	69.64		69.64	62.14	62.14	74.5148	74.5148	74.5148	74.5148	69.64		69.64	62.14	62.14	74.5148	74.5148	74.5148	74.5148	69.64		69.64	62.14	62.14	74.5148	74.5148	74.5148	74.5148	69.64		69.64	62.14	62.14	74.5148	74.5148	74.5148	74.5148	69.64		69.64	62.14	62.14	74.5148	74.5148	74.5148	74.5148	69.64		69.64	62.14	62.14	74.5148	74.5148	74.5148	74.5148	69.64		69.64	62.14	62.14	74.5148	74.5148	74.5148	74.5148	69.64		69.64	62.14	62.14	74.5148	74.5148	74.5148	74.5148	69.64		69.64	62.14	62.14	74.5148	74.5148	74.5148	74.5148	69.64		69.64	62.14	62.14	74.5148	74.5148	74.5148	74.5148	69.64												
	FRUEH		67.33	59.83	59.83	72.0431	72.0431	72.0431	72.0431	67.33		67.33	59.83	59.83	72.0431	72.0431	72.0431	72.0431	67.33		67.33	59.83	59.83	72.0431	72.0431	72.0431	72.0431	67.33		67.33	59.83	59.83	72.0431	72.0431	72.0431	72.0431	67.33		67.33	59.83	59.83	72.0431	72.0431	72.0431	72.0431	67.33		67.33	59.83	59.83	72.0431	72.0431	72.0431	72.0431	67.33		67.33	59.83	59.83	72.0431	72.0431	72.0431	72.0431	67.33		67.33	59.83	59.83	72.0431	72.0431	72.0431	72.0431	67.33		67.33	59.83	59.83	72.0431	72.0431	72.0431	72.0431	67.33		67.33	59.83	59.83	72.0431	72.0431	72.0431	72.0431	67.33		67.33	59.83	59.83	72.0431	72.0431	72.0431	72.0431	67.33		67.33	59.83	59.83	72.0431	72.0431	72.0431	72.0431	67.33												
	ESTRELLA DAMM		56.1	46.1	46.1	60.027	60.027	60.027	60.027	56.1		56.1	46.1	46.1	60.027	60.027	60.027	60.027	56.1		56.1	46.1	46.1	60.027	60.027	60.027	60.027	56.1		56.1	46.1	46.1	60.027	60.027	60.027	60.027	56.1		56.1	46.1	46.1	60.027	60.027	60.027	60.027	56.1		56.1	46.1	46.1	60.027	60.027	60.027	60.027	56.1		56.1	46.1	46.1	60.027	60.027	60.027	60.027	56.1		56.1	46.1	46.1	60.027	60.027	60.027	60.027	56.1		56.1	46.1	46.1	60.027	60.027	60.027	60.027	56.1		56.1	46.1	46.1	60.027	60.027	60.027	60.027	56.1		56.1	46.1	46.1	60.027	60.027	60.027	60.027	56.1		56.1	46.1	46.1	60.027	60.027	60.027	60.027	56.1												
	BROOKLYN LAGER		72.8	67.8	67.8	77.896	77.896	77.896	77.896	72.8		72.8	67.8	67.8	77.896	77.896	77.896	77.896	72.8		72.8	67.8	67.8	77.896	77.896	77.896	77.896	72.8		72.8	67.8	67.8	77.896	77.896	77.896	77.896	72.8		72.8	67.8	67.8	77.896	77.896	77.896	77.896	72.8		72.8	67.8	67.8	77.896	77.896	77.896	77.896	72.8		72.8	67.8	67.8	77.896	77.896	77.896	77.896	72.8		72.8	67.8	67.8	77.896	77.896	77.896	77.896	72.8		72.8	67.8	67.8	77.896	77.896	77.896	77.896	72.8		72.8	67.8	67.8	77.896	77.896	77.896	77.896	72.8		72.8	67.8	67.8	77.896	77.896	77.896	77.896	72.8		72.8	67.8	67.8	77.896	77.896	77.896	77.896	72.8												
	BROOKLYN IPA		72.8	67.8	67.8	77.896	77.896	77.896	77.896	72.8		72.8	67.8	67.8	77.896	77.896	77.896	77.896	72.8		72.8	67.8	67.8	77.896	77.896	77.896	77.896	72.8		72.8	67.8	67.8	77.896	77.896	77.896	77.896	72.8		72.8	67.8	67.8	77.896	77.896	77.896	77.896	72.8		72.8	67.8	67.8	77.896	77.896	77.896	77.896	72.8		72.8	67.8	67.8	77.896	77.896	77.896	77.896	72.8		72.8	67.8	67.8	77.896	77.896	77.896	77.896	72.8		72.8	67.8	67.8	77.896	77.896	77.896	77.896	72.8		72.8	67.8	67.8	77.896	77.896	77.896	77.896	72.8		72.8	67.8	67.8	77.896	77.896	77.896	77.896	72.8		72.8	67.8	67.8	77.896	77.896	77.896	77.896	72.8												
	SAISON DUPONT																																																																																																																								
																																																																																																																									
PROMOTIONS PER CASE	DUVEL		287.58	107.58	107.58	287.58	287.58	287.58	287.58	287.58		287.58	107.58	107.58	287.58	287.58	287.58	287.58	287.58		287.58	107.58	107.58	287.58	287.58	287.58	287.58	287.58		287.58	107.58	107.58	287.58	287.58	287.58	287.58	287.58		287.58	107.58	107.58	287.58	287.58	287.58	287.58	287.58		287.58	107.58	107.58	287.58	287.58	287.58	287.58	287.58		287.58	107.58	107.58	287.58	287.58	287.58	287.58	287.58		287.58	107.58	107.58	287.58	287.58	287.58	287.58	287.58		287.58	107.58	107.58	287.58	287.58	287.58	287.58	287.58		287.58	107.58	107.58	287.58	287.58	287.58	287.58	287.58		287.58	107.58	107.58	287.58	287.58	287.58	287.58	287.58		287.58	107.58	107.58	287.58	287.58	287.58	287.58	287.58												
	LIEFMANS		224.58	44.58	44.58	224.58	224.58	224.58	224.58	224.58		224.58	44.58	44.58	224.58	224.58	224.58	224.58	224.58		224.58	44.58	44.58	224.58	224.58	224.58	224.58	224.58		224.58	44.58	44.58	224.58	224.58	224.58	224.58	224.58		224.58	44.58	44.58	224.58	224.58	224.58	224.58	224.58		224.58	44.58	44.58	224.58	224.58	224.58	224.58	224.58		224.58	44.58	44.58	224.58	224.58	224.58	224.58	224.58		224.58	44.58	44.58	224.58	224.58	224.58	224.58	224.58		224.58	44.58	44.58	224.58	224.58	224.58	224.58	224.58		224.58	44.58	44.58	224.58	224.58	224.58	224.58	224.58		224.58	44.58	44.58	224.58	224.58	224.58	224.58	224.58		224.58	44.58	44.58	224.58	224.58	224.58	224.58	224.58												
	CHIMAY		240.86	60.86	60.86	240.86	240.86	240.86	240.86	240.86		240.86	60.86	60.86	240.86	240.86	240.86	240.86	240.86		240.86	60.86	60.86	240.86	240.86	240.86	240.86	240.86		240.86	60.86	60.86	240.86	240.86	240.86	240.86	240.86		240.86	60.86	60.86	240.86	240.86	240.86	240.86	240.86		240.86	60.86	60.86	240.86	240.86	240.86	240.86	240.86		240.86	60.86	60.86	240.86	240.86	240.86	240.86	240.86		240.86	60.86	60.86	240.86	240.86	240.86	240.86	240.86		240.86	60.86	60.86	240.86	240.86	240.86	240.86	240.86		240.86	60.86	60.86	240.86	240.86	240.86	240.86	240.86		240.86	60.86	60.86	240.86	240.86	240.86	240.86	240.86		240.86	60.86	60.86	240.86	240.86	240.86	240.86	240.86												
	WEIHENSTEPHANER		278.55	98.55	98.55	278.55	278.55	278.55	278.55	278.55		278.55	98.55	98.55	278.55	278.55	278.55	278.55	278.55		278.55	98.55	98.55	278.55	278.55	278.55	278.55	278.55		278.55	98.55	98.55	278.55	278.55	278.55	278.55	278.55		278.55	98.55	98.55	278.55	278.55	278.55	278.55	278.55		278.55	98.55	98.55	278.55	278.55	278.55	278.55	278.55		278.55	98.55	98.55	278.55	278.55	278.55	278.55	278.55		278.55	98.55	98.55	278.55	278.55	278.55	278.55	278.55		278.55	98.55	98.55	278.55	278.55	278.55	278.55	278.55		278.55	98.55	98.55	278.55	278.55	278.55	278.55	278.55		278.55	98.55	98.55	278.55	278.55	278.55	278.55	278.55		278.55	98.55	98.55	278.55	278.55	278.55	278.55	278.55												
	FRUEH		269.31	89.31	89.31	269.31	269.31	269.31	269.31	269.31		269.31	89.31	89.31	269.31	269.31	269.31	269.31	269.31		269.31	89.31	89.31	269.31	269.31	269.31	269.31	269.31		269.31	89.31	89.31	269.31	269.31	269.31	269.31	269.31		269.31	89.31	89.31	269.31	269.31	269.31	269.31	269.31		269.31	89.31	89.31	269.31	269.31	269.31	269.31	269.31		269.31	89.31	89.31	269.31	269.31	269.31	269.31	269.31		269.31	89.31	89.31	269.31	269.31	269.31	269.31	269.31		269.31	89.31	89.31	269.31	269.31	269.31	269.31	269.31		269.31	89.31	89.31	269.31	269.31	269.31	269.31	269.31		269.31	89.31	89.31	269.31	269.31	269.31	269.31	269.31		269.31	89.31	89.31	269.31	269.31	269.31	269.31	269.31												
	ESTRELLA DAMM		310.73	70.73	70.73	310.73	310.73	310.73	310.73	310.73		310.73	70.73	70.73	310.73	310.73	310.73	310.73	310.73		310.73	70.73	70.73	310.73	310.73	310.73	310.73	310.73		310.73	70.73	70.73	310.73	310.73	310.73	310.73	310.73		310.73	70.73	70.73	310.73	310.73	310.73	310.73	310.73		310.73	70.73	70.73	310.73	310.73	310.73	310.73	310.73		310.73	70.73	70.73	310.73	310.73	310.73	310.73	310.73		310.73	70.73	70.73	310.73	310.73	310.73	310.73	310.73		310.73	70.73	70.73	310.73	310.73	310.73	310.73	310.73		310.73	70.73	70.73	310.73	310.73	310.73	310.73	310.73		310.73	70.73	70.73	310.73	310.73	310.73	310.73	310.73		310.73	70.73	70.73	310.73	310.73	310.73	310.73	310.73												
	BROOKLYN LAGER		187.2	67.2	67.2	187.2	187.2	187.2	187.2	187.2		187.2	67.2	67.2	187.2	187.2	187.2	187.2	187.2		187.2	67.2	67.2	187.2	187.2	187.2	187.2	187.2		187.2	67.2	67.2	187.2	187.2	187.2	187.2	187.2		187.2	67.2	67.2	187.2	187.2	187.2	187.2	187.2		187.2	67.2	67.2	187.2	187.2	187.2	187.2	187.2		187.2	67.2	67.2	187.2	187.2	187.2	187.2	187.2		187.2	67.2	67.2	187.2	187.2	187.2	187.2	187.2		187.2	67.2	67.2	187.2	187.2	187.2	187.2	187.2		187.2	67.2	67.2	187.2	187.2	187.2	187.2	187.2		187.2	67.2	67.2	187.2	187.2	187.2	187.2	187.2		187.2	67.2	67.2	187.2	187.2	187.2	187.2	187.2												
	BROOKLYN IPA		187.2	67.2	67.2	187.2	187.2	187.2	187.2	187.2		187.2	67.2	67.2	187.2	187.2	187.2	187.2	187.2		187.2	67.2	67.2	187.2	187.2	187.2	187.2	187.2		187.2	67.2	67.2	187.2	187.2	187.2	187.2	187.2		187.2	67.2	67.2	187.2	187.2	187.2	187.2	187.2		187.2	67.2	67.2	187.2	187.2	187.2	187.2	187.2		187.2	67.2	67.2	187.2	187.2	187.2	187.2	187.2		187.2	67.2	67.2	187.2	187.2	187.2	187.2	187.2		187.2	67.2	67.2	187.2	187.2	187.2	187.2	187.2		187.2	67.2	67.2	187.2	187.2	187.2	187.2	187.2		187.2	67.2	67.2	187.2	187.2	187.2	187.2	187.2		187.2	67.2	67.2	187.2	187.2	187.2	187.2	187.2												
	SAISON DUPONT																																																																																																																								
																																																																																																																									
GROSS PROFIT PER CASE	DUVEL		915.5	915.5	915.5	1103.3912	1103.3912	1103.3912	1103.3912	915.5		915.5	915.5	915.5	1103.3912	1103.3912	1103.3912	1103.3912	915.5		915.5	915.5	915.5	1103.3912	1103.3912	1103.3912	1103.3912	915.5		915.5	915.5	915.5	1103.3912	1103.3912	1103.3912	1103.3912	915.5		915.5	915.5	915.5	1103.3912	1103.3912	1103.3912	1103.3912	915.5		915.5	915.5	915.5	1103.3912	1103.3912	1103.3912	1103.3912	915.5		915.5	915.5	915.5	1103.3912	1103.3912	1103.3912	1103.3912	915.5		915.5	915.5	915.5	1103.3912	1103.3912	1103.3912	1103.3912	915.5		915.5	915.5	915.5	1103.3912	1103.3912	1103.3912	1103.3912	915.5		915.5	915.5	915.5	1103.3912	1103.3912	1103.3912	1103.3912	915.5		915.5	915.5	915.5	1103.3912	1103.3912	1103.3912	1103.3912	915.5		915.5	915.5	915.5	1103.3912	1103.3912	1103.3912	1103.3912	915.5												
	LIEFMANS		740.5	740.5	740.5	887.2312	887.2312	887.2312	887.2312	740.5		740.5	740.5	740.5	887.2312	887.2312	887.2312	887.2312	740.5		740.5	740.5	740.5	887.2312	887.2312	887.2312	887.2312	740.5		740.5	740.5	740.5	887.2312	887.2312	887.2312	887.2312	740.5		740.5	740.5	740.5	887.2312	887.2312	887.2312	887.2312	740.5		740.5	740.5	740.5	887.2312	887.2312	887.2312	887.2312	740.5		740.5	740.5	740.5	887.2312	887.2312	887.2312	887.2312	740.5		740.5	740.5	740.5	887.2312	887.2312	887.2312	887.2312	740.5		740.5	740.5	740.5	887.2312	887.2312	887.2312	887.2312	740.5		740.5	740.5	740.5	887.2312	887.2312	887.2312	887.2312	740.5		740.5	740.5	740.5	887.2312	887.2312	887.2312	887.2312	740.5		740.5	740.5	740.5	887.2312	887.2312	887.2312	887.2312	740.5												
	CHIMAY		1120.25	1120.25	1120.25	1347.8564	1347.8564	1347.8564	1347.8564	1120.25		1120.25	1120.25	1120.25	1347.8564	1347.8564	1347.8564	1347.8564	1120.25		1120.25	1120.25	1120.25	1347.8564	1347.8564	1347.8564	1347.8564	1120.25		1120.25	1120.25	1120.25	1347.8564	1347.8564	1347.8564	1347.8564	1120.25		1120.25	1120.25	1120.25	1347.8564	1347.8564	1347.8564	1347.8564	1120.25		1120.25	1120.25	1120.25	1347.8564	1347.8564	1347.8564	1347.8564	1120.25		1120.25	1120.25	1120.25	1347.8564	1347.8564	1347.8564	1347.8564	1120.25		1120.25	1120.25	1120.25	1347.8564	1347.8564	1347.8564	1347.8564	1120.25		1120.25	1120.25	1120.25	1347.8564	1347.8564	1347.8564	1347.8564	1120.25		1120.25	1120.25	1120.25	1347.8564	1347.8564	1347.8564	1347.8564	1120.25		1120.25	1120.25	1120.25	1347.8564	1347.8564	1347.8564	1347.8564	1120.25		1120.25	1120.25	1120.25	1347.8564	1347.8564	1347.8564	1347.8564	1120.25												
	WEIHENSTEPHANER		594	594	594	710.9952	710.9952	710.9952	710.9952	594		594	594	594	710.9952	710.9952	710.9952	710.9952	594		594	594	594	710.9952	710.9952	710.9952	710.9952	594		594	594	594	710.9952	710.9952	710.9952	710.9952	594		594	594	594	710.9952	710.9952	710.9952	710.9952	594		594	594	594	710.9952	710.9952	710.9952	710.9952	594		594	594	594	710.9952	710.9952	710.9952	710.9952	594		594	594	594	710.9952	710.9952	710.9952	710.9952	594		594	594	594	710.9952	710.9952	710.9952	710.9952	594		594	594	594	710.9952	710.9952	710.9952	710.9952	594		594	594	594	710.9952	710.9952	710.9952	710.9952	594		594	594	594	710.9952	710.9952	710.9952	710.9952	594												
	FRUEH		579	579	579	692.1144	692.1144	692.1144	692.1144	579		579	579	579	692.1144	692.1144	692.1144	692.1144	579		579	579	579	692.1144	692.1144	692.1144	692.1144	579		579	579	579	692.1144	692.1144	692.1144	692.1144	579		579	579	579	692.1144	692.1144	692.1144	692.1144	579		579	579	579	692.1144	692.1144	692.1144	692.1144	579		579	579	579	692.1144	692.1144	692.1144	692.1144	579		579	579	579	692.1144	692.1144	692.1144	692.1144	579		579	579	579	692.1144	692.1144	692.1144	692.1144	579		579	579	579	692.1144	692.1144	692.1144	692.1144	579		579	579	579	692.1144	692.1144	692.1144	692.1144	579		579	579	579	692.1144	692.1144	692.1144	692.1144	579												
	ESTRELLA DAMM		475	475	475	569.248	569.248	569.248	569.248	475		475	475	475	569.248	569.248	569.248	569.248	475		475	475	475	569.248	569.248	569.248	569.248	475		475	475	475	569.248	569.248	569.248	569.248	475		475	475	475	569.248	569.248	569.248	569.248	475		475	475	475	569.248	569.248	569.248	569.248	475		475	475	475	569.248	569.248	569.248	569.248	475		475	475	475	569.248	569.248	569.248	569.248	475		475	475	475	569.248	569.248	569.248	569.248	475		475	475	475	569.248	569.248	569.248	569.248	475		475	475	475	569.248	569.248	569.248	569.248	475		475	475	475	569.248	569.248	569.248	569.248	475												
	BROOKLYN LAGER		650	650	650	772.304	772.304	772.304	772.304	650		650	650	650	772.304	772.304	772.304	772.304	650		650	650	650	772.304	772.304	772.304	772.304	650		650	650	650	772.304	772.304	772.304	772.304	650		650	650	650	772.304	772.304	772.304	772.304	650		650	650	650	772.304	772.304	772.304	772.304	650		650	650	650	772.304	772.304	772.304	772.304	650		650	650	650	772.304	772.304	772.304	772.304	650		650	650	650	772.304	772.304	772.304	772.304	650		650	650	650	772.304	772.304	772.304	772.304	650		650	650	650	772.304	772.304	772.304	772.304	650		650	650	650	772.304	772.304	772.304	772.304	650												
	BROOKLYN IPA		650	650	650	772.304	772.304	772.304	772.304	650		650	650	650	772.304	772.304	772.304	772.304	650		650	650	650	772.304	772.304	772.304	772.304	650		650	650	650	772.304	772.304	772.304	772.304	650		650	650	650	772.304	772.304	772.304	772.304	650		650	650	650	772.304	772.304	772.304	772.304	650		650	650	650	772.304	772.304	772.304	772.304	650		650	650	650	772.304	772.304	772.304	772.304	650		650	650	650	772.304	772.304	772.304	772.304	650		650	650	650	772.304	772.304	772.304	772.304	650		650	650	650	772.304	772.304	772.304	772.304	650		650	650	650	772.304	772.304	772.304	772.304	650												
	SAISON DUPONT																																																																																																																								
																																																																																																															DEL	MUM	PUN	GGN	GOA	CDG	RAJ	KOL	GTOT		
CONSOLIDATED PROMOTIONAL BUDGET	DUVEL		0	0	0	0	0	0	0	0	0	43137	3765.3	2151.6	4313.7	5751.6	2875.8	0	8627.4	70622.4	35947.5	2689.5	1613.7	2875.8	0	1437.9	0	4313.7	48878.1	35947.5	1613.7	1075.8	2875.8	0	2875.8	0	8627.4	53016	35947.5	1613.7	1075.8	2875.8	0	1437.9	1437.9	4313.7	48702.3	35947.5	2151.6	2151.6	2875.8	14379	2875.8	862.74	8627.4	69871.44	14379	2151.6	2151.6	2875.8	2875.8	1437.9	1437.9	4313.7	31623.3	28758	4303.2	2151.6	1437.9	2875.8	0	862.74	8627.4	49016.64	28758	4303.2	2151.6	1437.9	2875.8	0	1437.9	4313.7	45278.1	14379	1613.7	1075.8	575.16	0	0	0	4313.7	21957.36	14379	1613.7	1075.8	575.16	2875.8	0	862.74	4313.7	25695.9	43137	4303.2	2151.6	1437.9	14379	0	0	4313.7	69722.4	330717	30122.4	18826.5	24156.72	46012.8	12941.1	6901.92	64705.5	534383.94		
	LIEFMANS		0	0	0	0	0	0	0	0	0	22458	891.6	668.7	3368.7	0	0	0	0	27387	22458	668.7	445.8	1122.9	0	0	0	0	24695.4	22458	445.8	222.9	1122.9	0	0	0	0	24249.6	22458	445.8	222.9	1122.9	0	0	1122.9	0	25372.5	22458	891.6	668.7	1122.9	0	0	673.74	0	25814.94	11229	891.6	668.7	1122.9	0	0	1122.9	0	15035.1	16843.5	891.6	668.7	1122.9	0	0	673.74	0	20200.44	16843.5	891.6	668.7	1122.9	0	0	1122.9	0	20649.6	11229	222.9	222.9	449.16	0	0	0	0	12123.96	16843.5	222.9	222.9	449.16	0	0	673.74	0	18412.2	22458	891.6	668.7	1122.9	0	0	0	0	25141.2	207736.5	7355.7	5349.6	13250.22	0	0	5389.92	0	239081.94		
	CHIMAY		0	0	0	0	0	0	0	0	0	18064.5	1521.5	1217.2	3612.9	0	2408.6	0	0	26824.7	18064.5	608.6	608.6	2408.6	0	1204.3	0	0	22894.6	18064.5	608.6	608.6	2408.6	0	2408.6	0	0	24098.9	18064.5	608.6	608.6	2408.6	0	1204.3	1204.3	0	24098.9	18064.5	1521.5	1217.2	2408.6	0	2408.6	722.58	0	26342.98	9634.4	1521.5	1217.2	2408.6	2408.6	1204.3	1204.3	0	19598.9	12043	1521.5	1217.2	1204.3	2408.6	0	722.58	0	19117.18	12043	1521.5	1217.2	1204.3	2408.6	0	1204.3	0	19598.9	9634.4	608.6	608.6	481.72	0	0	0	0	11333.32	9634.4	608.6	608.6	481.72	2408.6	0	722.58	0	14464.5	18064.5	1521.5	1217.2	1204.3	0	0	0	0	22007.5	161376.2	12172	10346.2	20232.24	9634.4	10838.7	5780.64	0	230380.38		
	WEIHENSTEPHANER		0	0	0	0	0	0	0	0	0	20891.25	3942	2463.75	5571	5571	0	0	0	38439	20891.25	2463.75	1478.25	2785.5	0	0	0	0	27618.75	20891.25	1478.25	985.5	2785.5	0	0	0	0	26140.5	20891.25	1478.25	985.5	2785.5	0	0	1392.75	0	27533.25	41782.5	3942	2463.75	6963.75	13927.5	0	835.65	0	69915.15	41782.5	3942	2463.75	4178.25	0	0	1392.75	0	53759.25	13927.5	2956.5	1478.25	1392.75	0	0	835.65	0	20590.65	13927.5	2956.5	1478.25	1392.75	0	0	1392.75	0	21147.75	13927.5	985.5	985.5	835.65	0	0	0	0	16734.15	13927.5	985.5	985.5	835.65	0	0	835.65	0	17569.8	27855	2956.5	1478.25	1392.75	13927.5	0	0	0	47610	250695	28086.75	17246.25	30919.05	33426	0	6685.2	0	367058.25		
	FRUEH		0	0	0	0	0	0	0	0	0	20198.25	3572.4	2232.75	5386.2	0	2693.1	0	0	34082.7	20198.25	2232.75	1339.65	2693.1	0	1346.55	0	0	27810.3	20198.25	1339.65	893.1	2693.1	0	2693.1	0	0	27817.2	20198.25	1339.65	893.1	2693.1	0	1346.55	1346.55	0	27817.2	40396.5	3572.4	2232.75	6732.75	0	2693.1	807.93	0	56435.43	40396.5	3572.4	2232.75	4039.65	2693.1	1346.55	1346.55	0	55627.5	13465.5	2679.3	1339.65	1346.55	2693.1	0	807.93	0	22332.03	13465.5	2679.3	1339.65	1346.55	2693.1	0	1346.55	0	22870.65	13465.5	893.1	893.1	538.62	0	0	0	0	15790.32	13465.5	893.1	893.1	538.62	2693.1	0	807.93	0	19291.35	26931	2679.3	1339.65	1346.55	0	0	0	0	32296.5	242379	25453.35	15629.25	29354.79	10772.4	12118.95	6463.44	0	342171.18		
	ESTRELLA DAMM		0	0	0	0	0	0	0	0	0	31073	5304.75	3536.5	12429.2	12429.2	6214.6	0	12429.2	83416.45	46609.5	5304.75	2829.2	15536.5	0	3107.3	0	6214.6	79601.85	31073	2829.2	1768.25	10875.55	15536.5	6214.6	0	12429.2	80726.3	31073	2121.9	1768.25	10875.55	0	3107.3	4660.95	6214.6	59821.55	31073	5304.75	3536.5	9321.9	15536.5	6214.6	3107.3	12429.2	86523.75	23304.75	5304.75	3536.5	7768.25	6214.6	3107.3	4660.95	6214.6	60111.7	31073	5304.75	3182.85	4660.95	6214.6	0	3107.3	12429.2	65972.65	31073	5304.75	3182.85	4660.95	6214.6	0	4660.95	6214.6	61311.7	23304.75	2121.9	1768.25	3107.3	0	0	0	6214.6	36516.8	23304.75	2121.9	1768.25	3107.3	6214.6	0	3107.3	6214.6	45838.7	46609.5	5304.75	3182.85	4660.95	15536.5	0	0	6214.6	81509.15	349571.25	46328.15	30060.25	87004.4	83897.1	27965.7	23304.75	93219	741350.6		
	BROOKLYN LAGER		0	0	0	0	0	0	0	0	0	14040	1344	1008	1872	3744	0	0	0	22008	14040	1008	1008	936	0	0	0	0	16992	28080	1008	1008	1872	0	0	0	0	31968	28080	1008	1008	1872	0	0	936	0	32904	14040	1008	1008	936	0	0	374.4	0	17366.4	9360	1008	1008	1872	0	0	936	0	14184	9360	1008	1008	936	0	0	374.4	0	12686.4	9360	1008	1008	936	0	0	936	0	13248	9360	672	336	374.4	0	0	0	0	10742.4	9360	672	336	374.4	0	0	374.4	0	11116.8	18720	1008	1008	936	0	0	0	0	21672	163800	10752	9744	12916.8	3744	0	3931.2	0	204888		
	BROOKLYN IPA		0	0	0	0	0	0	0	0	0	9360	1344	672	936	0	0	0	5616	17928	9360	1008	336	0	0	0	0	2808	13512	14040	1008	1008	1872	0	0	0	5616	23544	14040	1008	1008	1872	0	0	936	2808	21672	9360	1008	336	936	0	0	561.6	5616	17817.6	6552	1008	336	1872	0	0	936	2808	13512	6552	1008	336	936	0	0	561.6	5616	15009.6	6552	1008	336	936	0	0	936	2808	12576	6552	672	336	374.4	0	0	0	2808	10742.4	6552	672	336	374.4	0	0	561.6	2808	11304	14040	1008	336	936	0	0	0	2808	19128	102960	10752	5376	11044.8	0	0	4492.8	42120	176745.6		
	SAISON DUPONT										0									0									0									0									0									0									0									0									0									0									0									0	0	0	0	0	0	0	0	0	0		
	TOTALS		0.00	0.00	0.00	0.00	0.00	0.00	0.00	0.00	0.00	179222.00	21685.55	13950.50	37489.70	27495.80	14192.10	0.00	26672.60	320708.25	187569.00	15984.05	9659.20	28358.40	0.00	7096.05	0.00	13336.30	262003.00	190752.50	10331.20	7570.15	26505.45	15536.50	14192.10	0.00	26672.60	291560.50	190752.50	9623.90	7570.15	26505.45	0.00	7096.05	13037.35	13336.30	267921.70	213122.00	19399.85	13614.50	31297.70	43843.00	14192.10	7945.94	26672.60	370087.69	156638.15	19399.85	13614.50	26137.45	14192.10	7096.05	13037.35	13336.30	263451.75	132022.50	19672.85	11382.25	13037.35	14192.10	0.00	7945.94	26672.60	224925.59	132022.50	19672.85	11382.25	13037.35	14192.10	0.00	13037.35	13336.30	216680.70	101852.15	7789.70	6226.15	6736.41	0.00	0.00	0.00	13336.30	135940.71	107466.65	7789.70	6226.15	6736.41	14192.10	0.00	7945.94	13336.30	163693.25	217815.00	19672.85	11382.25	13037.35	43843.00	0.00	0.00	13336.30	319086.75	1809234.95	171022.35	112578.05	228879.02	187486.70	63864.45	62949.87	200044.50	2836059.89		11%
																																																																																																																									
																																																																																																																									
PROFIT NET OF PROMOTIONS	DUVEL		0	0	0	0	0	0	0	0	0	137325	32042.5	18310	16550.868	22067.824	11033.912	0	27465	264795.104	114437.5	22887.5	13732.5	11033.912	0	5516.956	0	13732.5	181340.868	114437.5	13732.5	9155	11033.912	0	11033.912	0	27465	186857.824	114437.5	13732.5	9155	11033.912	0	5516.956	5516.956	13732.5	173125.324	114437.5	18310	18310	11033.912	55169.56	11033.912	3310.1736	27465	259070.0576	45775	18310	18310	11033.912	11033.912	5516.956	5516.956	13732.5	129229.236	91550	36620	18310	5516.956	11033.912	0	3310.1736	27465	193806.0416	91550	36620	18310	5516.956	11033.912	0	5516.956	13732.5	182280.324	45775	13732.5	9155	2206.7824	0	0	0	13732.5	84601.7824	45775	13732.5	9155	2206.7824	11033.912	0	3310.1736	13732.5	98945.868	137325	36620	18310	5516.956	55169.56	0	0	13732.5	266674.016	1052825	256340	160212.5	92684.8608	176542.592	49652.604	26481.3888	205987.5	2020726.446		
	LIEFMANS		0	0	0	0	0	0	0	0	0	74050	14810	11107.5	13308.468	0	0	0	0	113275.968	74050	11107.5	7405	4436.156	0	0	0	0	96998.656	74050	7405	3702.5	4436.156	0	0	0	0	89593.656	74050	7405	3702.5	4436.156	0	0	4436.156	0	94029.812	74050	14810	11107.5	4436.156	0	0	2661.6936	0	107065.3496	37025	14810	11107.5	4436.156	0	0	4436.156	0	71814.812	55537.5	14810	11107.5	4436.156	0	0	2661.6936	0	88552.8496	55537.5	14810	11107.5	4436.156	0	0	4436.156	0	90327.312	37025	3702.5	3702.5	1774.4624	0	0	0	0	46204.4624	55537.5	3702.5	3702.5	1774.4624	0	0	2661.6936	0	67378.656	74050	14810	11107.5	4436.156	0	0	0	0	104403.656	684962.5	122182.5	88860	52346.6408	0	0	21293.5488	0	969645.1896		
	CHIMAY		0	0	0	0	0	0	0	0	0	84018.75	28006.25	22405	20217.846	0	13478.564	0	0	168126.41	84018.75	11202.5	11202.5	13478.564	0	6739.282	0	0	126641.596	84018.75	11202.5	11202.5	13478.564	0	13478.564	0	0	133380.878	84018.75	11202.5	11202.5	13478.564	0	6739.282	6739.282	0	133380.878	84018.75	28006.25	22405	13478.564	0	13478.564	4043.5692	0	165430.6972	44810	28006.25	22405	13478.564	13478.564	6739.282	6739.282	0	135656.942	56012.5	28006.25	22405	6739.282	13478.564	0	4043.5692	0	130685.1652	56012.5	28006.25	22405	6739.282	13478.564	0	6739.282	0	133380.878	44810	11202.5	11202.5	2695.7128	0	0	0	0	69910.7128	44810	11202.5	11202.5	2695.7128	13478.564	0	4043.5692	0	87432.846	84018.75	28006.25	22405	6739.282	0	0	0	0	141169.282	750567.5	224050	190442.5	113219.9376	53914.256	60653.538	32348.5536	0	1425196.285		
	WEIHENSTEPHANER		0	0	0	0	0	0	0	0	0	44550	23760	14850	14219.904	14219.904	0	0	0	111599.808	44550	14850	8910	7109.952	0	0	0	0	75419.952	44550	8910	5940	7109.952	0	0	0	0	66509.952	44550	8910	5940	7109.952	0	0	3554.976	0	70064.928	89100	23760	14850	17774.88	35549.76	0	2132.9856	0	183167.6256	89100	23760	14850	10664.928	0	0	3554.976	0	141929.904	29700	17820	8910	3554.976	0	0	2132.9856	0	62117.9616	29700	17820	8910	3554.976	0	0	3554.976	0	63539.952	29700	5940	5940	2132.9856	0	0	0	0	43712.9856	29700	5940	5940	2132.9856	0	0	2132.9856	0	45845.9712	59400	17820	8910	3554.976	35549.76	0	0	0	125234.736	534600	169290	103950	78920.4672	85319.424	0	17063.8848	0	989143.776		
	FRUEH		0	0	0	0	0	0	0	0	0	43425	23160	14475	13842.288	0	6921.144	0	0	101823.432	43425	14475	8685	6921.144	0	3460.572	0	0	76966.716	43425	8685	5790	6921.144	0	6921.144	0	0	71742.288	43425	8685	5790	6921.144	0	3460.572	3460.572	0	71742.288	86850	23160	14475	17302.86	0	6921.144	2076.3432	0	150785.3472	86850	23160	14475	10381.716	6921.144	3460.572	3460.572	0	148709.004	28950	17370	8685	3460.572	6921.144	0	2076.3432	0	67463.0592	28950	17370	8685	3460.572	6921.144	0	3460.572	0	68847.288	28950	5790	5790	1384.2288	0	0	0	0	41914.2288	28950	5790	5790	1384.2288	6921.144	0	2076.3432	0	50911.716	57900	17370	8685	3460.572	0	0	0	0	87415.572	521100	165015	101325	75440.4696	27684.576	31145.148	16610.7456	0	938320.9392		
	ESTRELLA DAMM		0	0	0	0	0	0	0	0	0	47500	35625	23750	22769.92	22769.92	11384.96	0	19000	182799.8	71250	35625	19000	28462.4	0	5692.48	0	9500	169529.88	47500	19000	11875	19923.68	28462.4	11384.96	0	19000	157146.04	47500	14250	11875	19923.68	0	5692.48	8538.72	9500	117279.88	47500	35625	23750	17077.44	28462.4	11384.96	5692.48	19000	188492.28	35625	35625	23750	14231.2	11384.96	5692.48	8538.72	9500	144347.36	47500	35625	21375	8538.72	11384.96	0	5692.48	19000	149116.16	47500	35625	21375	8538.72	11384.96	0	8538.72	9500	142462.4	35625	14250	11875	5692.48	0	0	0	9500	76942.48	35625	14250	11875	5692.48	11384.96	0	5692.48	9500	94019.92	71250	35625	21375	8538.72	28462.4	0	0	9500	174751.12	534375	311125	201875	159389.44	153696.96	51232.32	42693.6	142500	1596887.32		
	BROOKLYN LAGER		0	0	0	0	0	0	0	0	0	48750	13000	9750	7723.04	15446.08	0	0	0	94669.12	48750	9750	9750	3861.52	0	0	0	0	72111.52	97500	9750	9750	7723.04	0	0	0	0	124723.04	97500	9750	9750	7723.04	0	0	3861.52	0	128584.56	48750	9750	9750	3861.52	0	0	1544.608	0	73656.128	32500	9750	9750	7723.04	0	0	3861.52	0	63584.56	32500	9750	9750	3861.52	0	0	1544.608	0	57406.128	32500	9750	9750	3861.52	0	0	3861.52	0	59723.04	32500	6500	3250	1544.608	0	0	0	0	43794.608	32500	6500	3250	1544.608	0	0	1544.608	0	45339.216	65000	9750	9750	3861.52	0	0	0	0	88361.52	568750	104000	94250	53288.976	15446.08	0	16218.384	0	851953.44		
	BROOKLYN IPA		0	0	0	0	0	0	0	0	0	32500	13000	6500	3861.52	0	0	0	19500	75361.52	32500	9750	3250	0	0	0	0	9750	55250	48750	9750	9750	7723.04	0	0	0	19500	95473.04	48750	9750	9750	7723.04	0	0	3861.52	9750	89584.56	32500	9750	3250	3861.52	0	0	2316.912	19500	71178.432	22750	9750	3250	7723.04	0	0	3861.52	9750	57084.56	22750	9750	3250	3861.52	0	0	2316.912	19500	61428.432	22750	9750	3250	3861.52	0	0	3861.52	9750	53223.04	22750	6500	3250	1544.608	0	0	0	9750	43794.608	22750	6500	3250	1544.608	0	0	2316.912	9750	46111.52	48750	9750	3250	3861.52	0	0	0	9750	75361.52	357500	104000	52000	45565.936	0	0	18535.296	146250	723851.232		
	SAISON DUPONT		0	0	0	0	0	0	0	0	0	0	0	0	0	0	0	0	0	0	0	0	0	0	0	0	0	0	0	0	0	0	0	0	0	0	0	0	0	0	0	0	0	0	0	0	0	0	0	0	0	0	0	0	0	0	0	0	0	0	0	0	0	0	0	0	0	0	0	0	0	0	0	0	0	0	0	0	0	0	0	0	0	0	0	0	0	0	0	0	0	0	0	0	0	0	0	0	0	0	0	0	0	0	0	0	0	0	0	0	0	0	0	0	0	0	0	0	0		
	TOTALS		0.00	0.00	0.00	0.00	0.00	0.00	0.00	0.00	0.00	512118.75	183403.75	121147.50	112493.85	74503.73	42818.58	0.00	65965.00	1112451.16	512981.25	129647.50	81935.00	75303.65	0.00	21409.29	0.00	32982.50	854259.19	554231.25	88435.00	67165.00	78349.49	28462.40	42818.58	0.00	65965.00	925426.72	554231.25	83685.00	67165.00	78349.49	0.00	21409.29	39969.70	32982.50	877792.23	577206.25	163171.25	117897.50	88826.85	119181.72	42818.58	23778.77	65965.00	1198845.92	394435.00	163171.25	117897.50	79672.56	42818.58	21409.29	39969.70	32982.50	892356.38	364500.00	169751.25	103792.50	39969.70	42818.58	0.00	23778.77	65965.00	810575.80	364500.00	169751.25	103792.50	39969.70	42818.58	0.00	39969.70	32982.50	793784.23	277135.00	67617.50	54165.00	18975.87	0.00	0.00	0.00	32982.50	450875.87	295647.50	67617.50	54165.00	18975.87	42818.58	0.00	23778.77	32982.50	535985.71	597693.75	169751.25	103792.50	39969.70	119181.72	0.00	0.00	32982.50	1063371.42	5004680.00	1456002.50	992915.00	670856.73	512603.89	192683.61	191245.40	494737.50	9515724.63		37%
																																																																																																																									
																																																																																																																									
																																																																																																																									
			FEB				MAR				APR				MAY				JUN				JUL				AUG				SEP				OCT				NOV				DEC				JAN				FEB				MAR																																																																		
			Opening Stock	Purchase	Sale	Closing Stock	Opening Stock	Purchase	Sale	Closing Stock	Opening Stock	Purchase	Sale	Closing Stock	Opening Stock	Purchase	Sale	Closing Stock	Opening Stock	Purchase	Sale	Closing Stock	Opening Stock	Purchase	Sale	Closing Stock	Opening Stock	Purchase	Sale	Closing Stock	Opening Stock	Purchase	Sale	Closing Stock	Opening Stock	Purchase	Sale	Closing Stock	Opening Stock	Purchase	Sale	Closing Stock	Opening Stock	Purchase	Sale	Closing Stock	Opening Stock	Purchase	Sale	Closing Stock	Opening Stock	Purchase	Sale	Closing Stock	Opening Stock	Purchase	Sale	Closing Stock																																																															
	DUVEL		776	0	235	541	541	90	300	331	331	200	0	531	531	200	280	451	451	200	195	456	456	200	200	456	456	200	185	471	471	200	268	403	403	200	135	468	468	150	208	410	410	300	195	515	515		92	423	423		105	318	318	150	280	188																																																															
	LIEFMANS		256	0	156	100	100	200	100	200	200	150	0	350	350	100	150	300	300	200	130	370	370	200	120	450	450	100	125	425	425	100	143	382	382	100	95	387	387	100	118	369	369	150	120	399	399		62	337	337		90	247	247	150	140	257																																																															
	CHIMAY		144	0	119	25	25	180	25	180	180	125	0	305	305	120	145	280	280	120	110	290	290	250	115	425	425	150	115	460	460	100	143	417	417	100	115	402	402	100	113	389	389		115	274	274		62	212	212		75	137	137	150	125	162																																																															
	WEIHENSTEPHANER		0	0	0	0	0	220	0	220	220	150	0	370	370	120	180	310	310	200	125	385	385	350	110	625	625	100	115	610	610	150	293	467	467	100	235	332	332	250	103	479	479		105	374	374		73	301	301		76	225	225	150	200	175																																																															
	FRUEH		0	0	0	0	0	190	0	190	190	150	0	340	340	150	170	320	320	200	130	390	390	400	120	670	670	100	120	650	650	150	253	547	547	100	250	397	397	200	113	484	484		115	369	369		72	297	297		85	212	212	150	150	212																																																															
	ESTRELLA DAMM		0	0	0	0	0	400	0	400	400	400	0	800	800	300	365	735	735	250	345	640	640	300	310	630	630	300	235	695	695	300	375	620	620	300	290	630	630	300	305	625	625	500	290	835	835		160	675	675		190	485	485		355	130																																																															
	BROOKLYN LAGER		360	0	165	195	195	575	195	575	575		0	575	575		140	435	435	500	110	825	825		190	635	635		195	440	440		112	328	328	550	95	783	783		87	696	696		90	606	606		67	539	539		69	470	470		135	335																																																															
	BROOKLYN IPA		15	0	15	0	0	375	0	375	375		0	375	375		115	260	260	460	85	635	635		145	490	490		135	355	355		108	247	247	400	85	562	562		93	469	469		80	389	389		67	322	322		70	252	252		115	137																																																															
	SAISON DUPONT		10	0	10	0	0		0	0	0		0	0	0		0	0	0		0	0	0	0	0	0	0		0	0	0		0	0	0		0	0	0		0	0	0		0	0	0		0	0	0		0	0	0		0	0																																																															
	TOTALS		1561	0	700	861	861	2230	620	2471	2471	1175	0	3646	3646	990	1545	3091	3091	2130	1230	3991	3991	1700	1310	4381	4381	950	1225	4106	4106	1000	1695	3411	3411	1850	1300	3961	3961	1100	1140	3921	3921	950	1110	3761	3761	0	655	3106	3106	0	760	2346	2346	750	1500	1596																																																															
																																																																																																																									
																																																																																																																									
			FEB				MAR				APR				MAY				JUN				JUL				AUG				SEP				OCT				NOV				DEC				JAN				FEB				MAR																																																																		
			OPENING STOCK	NET STOCK IN WH (NET OF LAST 30 DAYS PURCHASE)	PROJECTED SALE	NET CLOSING STOCK IN WH	OPENING STOCK	NET STOCK IN WH (NET OF LAST 30 DAYS PURCHASE)	PROJECTED SALE	NET CLOSING STOCK IN WH	OPENING STOCK	NET STOCK IN WH (NET OF LAST 30 DAYS PURCHASE)	PROJECTED SALE	NET CLOSING STOCK IN WH	OPENING STOCK	NET STOCK IN WH (NET OF LAST 30 DAYS PURCHASE)	PROJECTED SALE	NET CLOSING STOCK IN WH	OPENING STOCK	NET STOCK IN WH (NET OF LAST 30 DAYS PURCHASE)	PROJECTED SALE	NET CLOSING STOCK IN WH	OPENING STOCK	NET STOCK IN WH (NET OF LAST 30 DAYS PURCHASE)	PROJECTED SALE	NET CLOSING STOCK IN WH	OPENING STOCK	NET STOCK IN WH (NET OF LAST 30 DAYS PURCHASE)	PROJECTED SALE	NET CLOSING STOCK IN WH	OPENING STOCK	NET STOCK IN WH (NET OF LAST 30 DAYS PURCHASE)	PROJECTED SALE	NET CLOSING STOCK IN WH	OPENING STOCK	NET STOCK IN WH (NET OF LAST 30 DAYS PURCHASE)	PROJECTED SALE	NET CLOSING STOCK IN WH	OPENING STOCK	NET STOCK IN WH (NET OF LAST 30 DAYS PURCHASE)	PROJECTED SALE	NET CLOSING STOCK IN WH	OPENING STOCK	NET STOCK IN WH (NET OF LAST 30 DAYS PURCHASE)	PROJECTED SALE	NET CLOSING STOCK IN WH	OPENING STOCK	NET STOCK IN WH (NET OF LAST 30 DAYS PURCHASE)	PROJECTED SALE	NET CLOSING STOCK IN WH	OPENING STOCK	NET STOCK IN WH (NET OF LAST 30 DAYS PURCHASE)	PROJECTED SALE	NET CLOSING STOCK IN WH	OPENING STOCK	NET STOCK IN WH (NET OF LAST 30 DAYS PURCHASE)	PROJECTED SALE	NET CLOSING STOCK IN WH																																																															
	DUVEL		776	776	235	541	541	541	300	241	331	241	0	241	531	331	280	51	451	251	195	56	456	256	200	56	456	256	185	71	471	271	268	3	403	203	135	68	468	268	208	60	410	260	195	65	515	215	92	123	423	423	105	318	318	318	280	38																																																															
	LIEFMANS		256	256	156	100	100	100	100	0	200	0	0	0	350	200	150	50	300	200	130	70	370	170	120	50	450	250	125	125	425	325	143	182	382	282	95	187	387	287	118	169	369	269	120	149	399	249	62	187	337	337	90	247	247	247	140	107																																																															
	CHIMAY		144	144	119	25	25	25	25	0	180	0	0	0	305	180	145	35	280	160	110	50	290	170	115	55	425	175	115	60	460	310	143	167	417	317	115	202	402	302	113	189	389	289	115	174	274	274	62	212	212	212	75	137	137	137	125	12																																																															
	WEIHENSTEPHANER		0	0	0	0	0	0	0	0	220	0	0	0	370	220	180	40	310	190	125	65	385	185	110	75	625	275	115	160	610	510	293	217	467	317	235	82	332	232	103	129	479	229	105	124	374	374	73	301	301	301	76	225	225	225	200	25																																																															
	FRUEH		0	0	0	0	0	0	0	0	190	0	0	0	340	190	170	20	320	170	130	40	390	190	120	70	670	270	120	150	650	550	253	297	547	397	250	147	397	297	113	184	484	284	115	169	369	369	72	297	297	297	85	212	212	212	150	62																																																															
	ESTRELLA DAMM		0	0	0	0	0	0	0	0	400	0	0	0	800	400	365	35	735	435	345	90	640	390	310	80	630	330	235	95	695	395	375	20	620	320	290	30	630	330	305	25	625	325	290	35	835	335	160	175	675	675	190	485	485	485	355	130																																																															
	BROOKLYN LAGER		360	360	165	195	195	195	195	0	575	0	0	0	575	575	140	435	435	435	110	325	825	325	190	135	635	635	195	440	440	440	112	328	328	328	95	233	783	233	87	146	696	696	90	606	606	606	67	539	539	539	69	470	470	470	135	335																																																															
	BROOKLYN IPA		15	15	15	0	0	0	0	0	375	0	0	0	375	375	115	260	260	260	85	175	635	175	145	30	490	490	135	355	355	355	108	247	247	247	85	162	562	162	93	69	469	469	80	389	389	389	67	322	322	322	70	252	252	252	115	137																																																															
	SAISON DUPONT		10	10	10	0	0	0	0	0	0	0	0	0	0	0	0	0	0	0	0	0	0	0	0	0	0	0	0	0	0	0	0	0	0	0	0	0	0	0	0	0	0	0	0	0	0	0	0	0	0	0	0	0	0	0	0	0																																																															
	TOTALS		1561	1561	700	861	861	861	620	241	2471	241	0	241	3646	2471	1545	926	3091	2101	1230	871	3991	1861	1310	551	4381	2681	1225	1456	4106	3156	1695	1461	3411	2411	1300	1111	3961	2111	1140	971	3921	2821	1110	1711	3761	2811	655	2156	3106	3106	760	2346	2346	2346	1500	846																																																															
																																																																																																																									
																																																																																																																									
			FEB				MAR				APR				MAY				JUN				JUL				AUG				SEP				OCT				NOV				DEC				JAN				FEB				MAR																																																																		
			Opening Stock	Purchase	Sale	Closing Stock	Opening Stock	Purchase	Sale	Closing Stock	Opening Stock	Purchase	Sale	Closing Stock	Opening Stock	Purchase	Sale	Closing Stock	Opening Stock	Purchase	Sale	Closing Stock	Opening Stock	Purchase	Sale	Closing Stock	Opening Stock	Purchase	Sale	Closing Stock	Opening Stock	Purchase	Sale	Closing Stock	Opening Stock	Purchase	Sale	Closing Stock	Opening Stock	Purchase	Sale	Closing Stock	Opening Stock	Purchase	Sale	Closing Stock	Opening Stock	Purchase	Sale	Closing Stock	Opening Stock	Purchase	Sale	Closing Stock	Opening Stock	Purchase	Sale	Closing Stock																																																															
90	DUVEL	1295	1004920	0	304325	700595	700595		388500	428645	428645		0	687645	687645	0	362600	584045	584045	116550	252525	590520	590520	259000	259000	590520	590520	259000	239575	609945	609945	259000	347060	521885	521885	259000	174825	606060	606060	259000	269360	530950	530950	259000	252525	666925	666925	259000	119140	547785	547785	194250	135975	411810	411810	388500	362600	243460																																																															
90	LIEFMANS	1050	268800	0	163800	105000	105000		105000	210000	210000		0	367500	367500	0	157500	315000	315000	210000	136500	388500	388500	157500	126000	472500	472500	105000	131250	446250	446250	210000	150150	401100	401100	210000	99750	406350	406350	105000	123900	387450	387450	105000	126000	418950	418950	105000	65100	353850	353850	105000	94500	259350	259350	157500	147000	269850																																																															
0	CHIMAY	1610	231840	0	191590	40250	40250	289800	40250	289800	289800	201250	0	491050	491050	193200	233450	450800	450800	193200	177100	466900	466900	402500	185150	684250	684250	241500	185150	740600	740600	161000	230230	671370	671370	161000	185150	647220	647220	161000	181930	626290	626290	0	185150	441140	441140	0	99820	341320	341320	0	120750	220570	220570	241500	201250	260820																																																															
90	WEIHENSTEPHANER	615.3	0	0	0	0	0		0	135366	135366		0	227661	227661	0	110754	190743	190743	135366	76912.5	236890.5	236890.5	92295	67683	384562.5	384562.5	73836	70759.5	375333	375333	123060	180282.9	287345.1	287345.1	215355	144595.5	204279.6	204279.6	61530	63375.9	294728.7	294728.7	92295	64606.5	230122.2	230122.2	61530	44916.9	185205.3	185205.3	153825	46762.8	138442.5	138442.5	0	123060	107677.5																																																															
90	FRUEH	567.7	0	0	0	0	0		0	107863	107863		0	193018	193018	0	96509	181664	181664	107863	73801	221403	221403	85155	68124	380359	380359	85155	68124	369005	369005	113540	143628.1	310531.9	310531.9	227080	141925	225376.9	225376.9	56770	64150.1	274766.8	274766.8	85155	65285.5	209481.3	209481.3	56770	40874.4	168606.9	168606.9	113540	48254.5	120352.4	120352.4	0	85155	120352.4																																																															
90	ESTRELLA DAMM	360.5	0	0	0	0	0		0	144200	144200		0	288400	288400	0	131582.5	264967.5	264967.5	144200	124372.5	230720	230720	144200	111755	227115	227115	108150	84717.5	250547.5	250547.5	90125	135187.5	223510	223510	108150	104545	227115	227115	108150	109952.5	225312.5	225312.5	108150	104545	301017.5	301017.5	108150	57680	243337.5	243337.5	108150	68495	174842.5	174842.5	180250	127977.5	46865																																																															
90	BROOKLYN LAGER	700	252000	0	115500	136500	136500		136500	402500	402500		0	402500	402500	0	98000	304500	304500	402500	77000	577500	577500	0	133000	444500	444500	0	136500	308000	308000	350000	78400	229600	229600	0	66500	548100	548100	0	60900	487200	487200	0	63000	424200	424200	385000	46900	377300	377300	0	48300	329000	329000	0	94500	234500																																																															
90	BROOKLYN IPA	700	10500	0	10500	0	0		0	262500	262500		0	262500	262500	0	80500	182000	182000	262500	59500	444500	444500	0	101500	343000	343000	0	94500	248500	248500	322000	75600	172900	172900	0	59500	393400	393400	0	65100	328300	328300	0	56000	272300	272300	280000	46900	225400	225400	0	49000	176400	176400	0	80500	95900																																																															
	SAISON DUPONT																																																																																																																								
	TOTALS		1768060	0	785715	982345	982345	289800	670250	601895	1980874	201250	0	2182124	2920274	193200	1270895.5	1842578.5	2473719.5	1572179	977711	3068187.5	3156933.5	1140650	1052212	3245371.5	3526806.5	872641	1010576	3388871.5	3348180.5	1628725	1340538.5	3636367	2818242	1180585	976790.5	3022036.5	3257901.5	751450	938668.5	3070683	3154998	649600	917112	2887486	2964136	1255450	521331.3	3698254.7	2442804.7	674765	612037.3	2505532.4	1830767.4	967750	1222042.5	1576474.9																																																															
																																																																																																																									
																																																																																																																									
	CASHFLOW																																																																																																																								
																																																																																																																									
			FEB	MAR	APR	MAY	JUN	JUL	AUG	SEP	OCT	NOV	DEC	JAN	FEB	MAR																																																																																																									
	Outflow																																																																																																																								
	Purchase of Goods			289800	201250	193200	1572179	1140650	872641	1628725	1180585	751450	649600	1255450	674765	967750				11378045																																																																																																					
	Logistics					460000	230000	230000	350000	230000	230000	230000	460000	230000	230000	0				2880000																																																																																																					
	Operating Costs		350000	400000	485000	485000	485000	485000	485000	485000	485000	485000	485000	485000	485000	485000				6570000																																																																																																					
	Label Registration			200000	200000											200000				600000																																																																																																					
	Interest 		85000	85000	85000	85000	85000	85000	85000	85000	85000	85000	85000	85000	85000	85000				1190000																																																																																																					
	Past Liabilities																																																																																																																								
	Total		435000	974800	971250	1223200	2372179	1940650	1792641	2428725	1980585	1551450	1679600	2055450	1474765	1737750				22618045																																																																																																					
																																																																																																																									
	Inflow																																																																																																																								
	Collections Due			1410884.16	1028442.00	0.00	2986210.51	2332108.788	2520721.968	2390281.68	3220247.227	2370224.028	2178074.707	2125449.984	1225611.768	1447719.223				25235976.05																																																																																																					
	Discount and Promos			300000	200000	0.00	320708.25	262003.00	291560.50	267921.70	370087.69	263451.75	224925.59	216680.70	135940.71	163693.25				3016973.14																																																																																																					
	Net Collections		500000	1110884.16	828442.00	0.00	2665502.26	2070105.79	2229161.47	2122359.98	2850159.54	2106772.28	1953149.12	1908769.28	1089671.06	1284025.97				22719002.91																																																																																																					
																																																																																																																									
	Net Cashflow		65000	136084	-142808	-1223200	293323	129456	436520	-306365	869575	555322	273549	-146681	-385094	-453724				100957.9056																																																																																																					
																																																																																																																									
	Cumulative cashflow		65000	201084	58276	-1164924	-871601	-742145	-305624	-611989	257585	812907	1086457	939776	554682	100958																																																																																																									
																																																																																																																									
			1	2	1	-12	-9	-7	-3	-6	3	8	11	9	6	1																																																																																																									
																																																																																																																									
																																																																																																																									
																																																																																																																									
																																																																																																																									
																																																																																																																									
	Average Stock Holding in WH																																																																																																																								
																																																																																																																									
																																																																																																																									
																																																																																																																									
																																																																																																																									
																																																																																																																									
																																																																																																																									
																																																																																																																									
																																																																																																																									
																																																																																																																									
																																																																																																																									
																																																																																																																									
																																																																																																																									
																																																																																																																									
